00000110010000000000000100010011
00000000010000000000000011101111
11111110000000010000000100010011
00000000100000010010111000100011
00000010000000010000010000010011
00000001010000000000011110010011
00001111111100000000011100010011
00000000111001111010000000100011
00000000011000000000011110010011
11111110111101000010011000100011
00000011011100000000011110010011
11111110111101000010010000100011
11111110110001000010011100000011
11111110100001000010011110000011
00000000111101110101100001100011
00000001010000000000011110010011
00000000101000000000011100010011
00000000111001111010000000100011
00000000000000000000000001101111